Q_meas,V_meas,Q_model,V_model
6.944677079445682e-05,2.7561817,6.944677079445682e-05,2.7598249527409076
0.0027889040947319584,2.852964156497628,0.0027889040947319584,2.828129174523451
0.00550836141866946,2.9003646430406853,0.00550836141866946,2.8964333963059943
0.008227818742606962,2.9349809207827593,0.008227818742606962,2.946286097597887
0.010947276066544463,2.9624173166136147,0.010947276066544463,2.9668780134504167
0.013666733390481965,2.9853866,0.013666733390481965,2.9874699293029465
0.016386190714419466,3.005431727552747,0.016386190714419466,3.008061845155476
0.019105648038356966,3.0233979,0.019105648038356966,3.0235266294566694
0.02182510536229447,3.039836995263007,0.02182510536229447,3.036850451234845
0.024544562686231973,3.0552363,0.024544562686231973,3.05017427301302
0.027264020010169473,3.0693689372056028,0.027264020010169473,3.06344111343276
0.029983477334106973,3.0825102664173087,0.029983477334106973,3.074404033955606
0.032702934658044476,3.094839739039207,0.032702934658044476,3.0853669544784514
0.03542239198198198,3.1067959373232186,0.03542239198198198,3.096329875001297
0.038141849305919476,3.117874237430277,0.038141849305919476,3.1068731751837553
0.04086130662985698,3.1284974,0.04086130662985698,3.116612144919133
0.04358076395379448,3.1387312,0.04358076395379448,3.1263511146545113
0.046300221277731986,3.1485268759868923,0.046300221277731986,3.136090084389889
0.04901967860166949,3.1579651344699426,0.04901967860166949,3.145417111975504
0.051739135925606985,3.1671752461296263,0.051739135925606985,3.1545333858331728
0.05445859324954449,3.175768385765691,0.05445859324954449,3.163649659690841
0.05717805057348199,3.1840525,0.05717805057348199,3.1727659335485097
0.05989750789741949,3.1924994,0.05989750789741949,3.181324875313801
0.062616965221357,3.2002483547523033,0.062616965221357,3.1898725889974378
0.0653364225452945,3.20796500827897,0.0653364225452945,3.198420302681075
0.06805587986923199,3.2152412,0.06805587986923199,3.2066554648574317
0.0707753371931695,3.2222261,0.0707753371931695,3.2141577059823536
0.073494794517107,3.229098020230959,0.073494794517107,3.2216599471072755
0.0762142518410445,3.235579426643607,0.0762142518410445,3.229162188232197
0.078933709164982,3.2420272001185926,0.078933709164982,3.235849766440334
0.0816531664889195,3.2483786377906374,0.0816531664889195,3.2420330626832756
0.08437262381285701,3.2542114871878134,0.08437262381285701,3.2482163589262174
0.08709208113679451,3.2599125,0.08709208113679451,3.254399655169159
0.089811538460732,3.2655981,0.089811538460732,3.259608061491313
0.09253099578466951,3.2709587,0.09253099578466951,3.2647502180408075
0.09525045310860701,3.276400816214206,0.09525045310860701,3.2698923745903015
0.09796991043254452,3.2815173,0.09796991043254452,3.274895841035371
0.10068936775648202,3.2863415768824056,0.10068936775648202,3.2794942714596016
0.10340882508041951,3.2911015,0.10340882508041951,3.2840927018838326
0.10612828240435702,3.2958285738264643,0.10612828240435702,3.288691132308063
0.10884773972829452,3.3003604,0.10884773972829452,3.2931744225201016
0.11156719705223202,3.304892838965023,0.11156719705223202,3.297572182941707
0.11428665437616953,3.309099978381809,0.11428665437616953,3.301969943363312
0.11700611170010702,3.313241961802147,0.11700611170010702,3.3063677037849173
0.11972556902404452,3.3172545,0.11972556902404452,3.3106458861241643
0.12244502634798203,3.3211529,0.12244502634798203,3.314909663148348
0.12516448367191954,3.3247918173882005,0.12516448367191954,3.319173440172531
0.12788394099585704,3.3286254,0.12788394099585704,3.3233743203785697
0.13060339831979453,3.3321991,0.13060339831979453,3.3273402760603505
0.13332285564373203,3.3356104,0.13332285564373203,3.331306231742131
0.13604231296766953,3.3390217275074394,0.13604231296766953,3.3352721874239117
0.13876177029160705,3.342108,0.13876177029160705,3.3389564097560713
0.14148122761554455,3.3453567,0.14148122761554455,3.3423906879429004
0.14420068493948204,3.3484433,0.14420068493948204,3.34582496612973
0.14692014226341954,3.3513021331216573,0.14692014226341954,3.349259244316559
0.14963959958735704,3.3542098520315298,0.14963959958735704,3.352239460976289
0.15235905691129453,3.3569551441875194,0.15235905691129453,3.3551386682332716
0.15507851423523206,3.3596516,0.15507851423523206,3.3580378754902545
0.15779797155916955,3.362380624392506,0.15779797155916955,3.3608626465142417
0.16051742888310705,3.3646874,0.16051742888310705,3.3633169432142735
0.16323688620704455,3.3671241,0.16323688620704455,3.365771239914305
0.16595634353098204,3.3695607,0.16595634353098204,3.3682255366143368
0.16867580085491957,3.3716724,0.16867580085491957,3.3705315663441215
0.17139525817885706,3.3739464,0.17139525817885706,3.372680794189225
0.17411471550279456,3.3760583,0.17411471550279456,3.3748300220343284
0.17683417282673206,3.37817,0.17683417282673206,3.3769792498794318
0.17955363015066955,3.3802164621865582,0.17955363015066955,3.3789405141730335
0.18227308747460708,3.3820686,0.18227308747460708,3.3808561647876068
0.18499254479854457,3.3835633978647377,0.18499254479854457,3.38277181540218
0.18771200212248207,3.3856258293840065,0.18771200212248207,3.384660332739832
0.19043145944641957,3.3874290019238047,0.19043145944641957,3.3863561425046163
0.19315091677035706,3.3887446260835965,0.19315091677035706,3.3880519522694
0.19587037409429459,3.3905156,0.19587037409429459,3.3897477620341845
0.19858983141823208,3.3921399,0.19858983141823208,3.3913792029013035
0.20130928874216958,3.3934395,0.20130928874216958,3.392929423769979
0.20402874606610708,3.39498328611081,0.20402874606610708,3.3944796446386554
0.20674820339004457,3.3963635,0.20674820339004457,3.396029865507331
0.20946766071398207,3.397775911960626,0.20946766071398207,3.3974973931296977
0.2121871180379196,3.3991249,0.2121871180379196,3.3989389262555463
0.2149065753618571,3.400116735996069,0.2149065753618571,3.4003804593813944
0.21762603268579458,3.4015615,0.21762603268579458,3.4018137030096796
0.22034549000973208,3.4027137899061546,0.22034549000973208,3.403151016409875
0.22306494733366958,3.4039669627857347,0.22306494733366958,3.4044883298100705
0.2257844046576071,3.4050880601427376,0.2257844046576071,3.405825643210266
0.2285038619815446,3.406209016671077,0.2285038619815446,3.407136936405695
0.2312233193054821,3.4071674545834596,0.2312233193054821,3.4084089124787518
0.2339427766294196,3.4082217,0.2339427766294196,3.409680888551808
0.2366622339533571,3.409247044301348,0.2366622339533571,3.410952864624864
0.23938169127729458,3.4100430165642264,0.23938169127729458,3.4121613733539613
0.2421011486012321,3.411164199158493,0.2421011486012321,3.413344825282192
0.2448206059251696,3.4121178896518667,0.2448206059251696,3.414528277210422
0.2475400632491071,3.413081370472159,0.2475400632491071,3.415709822003912
0.2502595205730446,3.4140697,0.2502595205730446,3.416839785312456
0.2529789778969821,3.4148817,0.2529789778969821,3.417969748621
0.2556984352209196,3.416119432580182,0.2556984352209196,3.4190997119295443
0.2584178925448571,3.416831,0.2584178925448571,3.4202190409265314
0.2611373498687946,3.4178057,0.2611373498687946,3.4213189943590514
0.26385680719273213,3.4187282319907486,0.26385680719273213,3.422418947791572
0.2665762645166696,3.4195926,0.2665762645166696,3.423518901224092
0.2692957218406071,3.4204047,0.2692957218406071,3.424587510357742
0.2720151791645446,3.4213793,0.2720151791645446,3.4256408943501135
0.2747346364884821,3.4221916,0.2747346364884821,3.426694278342485
0.27745409381241964,3.4231663,0.27745409381241964,3.4277476623348564
0.2801735511363571,3.4239786,0.2801735511363571,3.428743213824712
0.28289300846029464,3.4249116655587732,0.28289300846029464,3.42973828547767
0.2856124657842321,3.4257653,0.2856124657842321,3.4307333571306273
0.28833192310816963,3.4266704859675374,0.28833192310816963,3.431724671420424
0.29105138043210715,3.4273899,0.29105138043210715,3.4327076411565476
0.2937708377560446,3.4284014607338626,0.2937708377560446,3.433690610892671
0.29649029507998215,3.429197262967066,0.29649029507998215,3.4346735806287945
0.2992097524039196,3.4301512,0.2992097524039196,3.435624536122225
0.30192920972785714,3.4311259,0.30192920972785714,3.4365566235443676
0.3046486670517946,3.4319382,0.3046486670517946,3.43748871096651
0.30736812437573213,3.4327502,0.30736812437573213,3.4384207983886528
0.31008758169966966,3.4337249,0.31008758169966966,3.4393436412164817
0.3128070390236071,3.4345372,0.3128070390236071,3.440265975800134
0.31552649634754465,3.4355118,0.31552649634754465,3.441188310383787
0.3182459536714821,3.4364865,0.3182459536714821,3.442107624141171
0.32096541099541964,3.4372988,0.32096541099541964,3.4430186274959373
0.32368486831935717,3.4381108,0.32368486831935717,3.443929630850704
0.32640432564329463,3.4392448457410407,0.32640432564329463,3.44484063420547
0.32912378296723216,3.4400601,0.32912378296723216,3.4457419942492025
0.3318432402911696,3.4408429031827326,0.3318432402911696,3.4466365217165715
0.33456269761510715,3.4418471,0.33456269761510715,3.4475310491839406
0.3372821549390447,3.4428217,0.3372821549390447,3.44842557665131
0.34000161226298214,3.4434714,0.34000161226298214,3.4492953544667233
0.34272106958691967,3.4444461,0.34272106958691967,3.450162504117533
0.34544052691085714,3.4452584,0.34544052691085714,3.451029653768342
0.34815998423479466,3.4463607520784105,0.34815998423479466,3.4518962079544093
0.3508794415587322,3.4470633937961312,0.3508794415587322,3.4527606838742653
0.35359889888266965,3.4480197,0.35359889888266965,3.453625159794121
0.3563183562066072,3.448979851845645,0.3563183562066072,3.4544896357139767
0.35903781353054465,3.4496752301839932,0.35903781353054465,3.455324963430898
0.36175727085448217,3.4507813,0.36175727085448217,3.4561356022434997
0.3644767281784197,3.4515297502673863,0.3644767281784197,3.4569462410561016
0.36719618550235716,3.4524880451260658,0.36719618550235716,3.4577568798687035
0.3699156428262947,3.4533803,0.3699156428262947,3.4585608273648862
0.37263510015023216,3.454242034814166,0.37263510015023216,3.4593636866640005
0.3753545574741697,3.4551342959270825,0.3753545574741697,3.460166545963115
0.3780740147981072,3.4561253072559395,0.3780740147981072,3.4609734308084135
0.3807934721220447,3.456954,0.3807934721220447,3.461798801125154
0.3835129294459822,3.457750099706652,0.3835129294459822,3.462624171441895
0.38623238676991967,3.4587409,0.38623238676991967,3.463449541758636
0.3889518440938572,3.45960210948726,0.3889518440938572,3.464277602816937
0.3916713014177947,3.460430672031315,0.3916713014177947,3.4651083813220938
0.3943907587417322,3.4614217770997042,0.3943907587417322,3.465939159827251
0.3971102160656697,3.4623146,0.3971102160656697,3.4667699383324084
0.3998296733896072,3.4629645,0.3998296733896072,3.4675637724749357
0.4025491307135447,3.463808177456344,0.4025491307135447,3.4683492891421017
0.40526858803748217,3.4647512,0.40526858803748217,3.4691348058092677
0.4079880453614197,3.4655646846177066,0.4079880453614197,3.4699164504575855
0.4107075026853572,3.4665382,0.4107075026853572,3.4706732731542407
0.4134269600092947,3.4673505,0.4134269600092947,3.4714300958508955
0.4161464173332322,3.4681625,0.4161464173332322,3.4721869185475502
0.4188658746571697,3.4690705270370503,0.4188658746571697,3.4729624835886987
0.4215853319811072,3.46986635324964,0.4215853319811072,3.473760621075907
0.4243047893050447,3.4706621826192094,0.4243047893050447,3.4745587585631155
0.4270242466289822,3.4715738,0.4270242466289822,3.4753568960503234
0.4297437039529197,3.4722539404764294,0.4297437039529197,3.476140494565792
0.4324631612768572,3.4733608,0.4324631612768572,3.4769198077897934
0.4351826186007947,3.4740127451872733,0.4351826186007947,3.4776991210137944
0.43790207592473224,3.4749851,0.43790207592473224,3.4784742270117266
0.4406215332486697,3.4757974,0.4406215332486697,3.479207336531584
0.44334099057260723,3.4767208031061205,0.44334099057260723,3.479940446051441
0.4460604478965447,3.4774218,0.4460604478965447,3.4806735555712986
0.4487799052204822,3.4783179614551742,0.4487799052204822,3.481427412487729
0.45149936254441975,3.4790461,0.45149936254441975,3.482211154603913
0.4542188198683572,3.4800208,0.4542188198683572,3.482994896720097
0.45693827719229474,3.4808331,0.45693827719229474,3.483778638836281
0.4596577345162322,3.4816451,0.4596577345162322,3.484549987164973
0.46237719184016973,3.4824574,0.46237719184016973,3.485316715809924
0.46509664916410726,3.4832697,0.46509664916410726,3.486083444454874
0.4678161064880447,3.4841176859739953,0.4678161064880447,3.486849566030264
0.47053556381198225,3.484894,0.47053556381198225,3.4876034260794
0.4732550211359197,3.4858000795518693,0.4732550211359197,3.4883572861285366
0.47597447845985724,3.4864408914627956,0.47597447845985724,3.489111146177673
0.4786939357837947,3.487431809172038,0.4786939357837947,3.489868391292037
0.48141339310773223,3.488377839822175,0.48141339310773223,3.4906315031883697
0.48413285043166976,3.4890889355947685,0.48413285043166976,3.491394615084702
0.4868523077556072,3.4897796023709255,0.4868523077556072,3.4921577269810347
0.48957176507954475,3.4905837236876587,0.48957176507954475,3.4929322214022234
0.4922912224034822,3.4915543,0.4922912224034822,3.4937119601875044
0.49501067972741974,3.492240843224325,0.49501067972741974,3.4944916989727854
0.49773013705135727,3.492962694359452,0.49773013705135727,3.4952714250759938
0.5004495943752948,3.4941762331054504,0.5004495943752948,3.4960473100642013
0.5031690516992322,3.494803,0.5031690516992322,3.496823195052409
0.5058885090231697,3.4955550480527715,0.5058885090231697,3.4975990800406165
0.5086079663471073,3.496471172853572,0.5086079663471073,3.4983749502633534
0.5113274236710448,3.497402,0.5113274236710448,3.4991507893955256
0.5140468809949823,3.4980633227904727,0.5140468809949823,3.4999266285276978
0.5167663383189197,3.499021725602696,0.5167663383189197,3.5007024676598695
0.5194857956428572,3.4998176602121447,0.5194857956428572,3.501484826692359
0.5222052529667948,3.5006137493087506,0.5222052529667948,3.502270842012076
0.5249247102907323,3.501572150244439,0.5249247102907323,3.5030568573317926
0.5276441676146698,3.5022752,0.5276441676146698,3.5038428726515094
0.5303636249386072,3.5030016789908083,0.5303636249386072,3.504612873659571
0.5330830822625447,3.504001888884588,0.5330830822625447,3.5053821970956682
0.5358025395864823,3.5047119,0.5358025395864823,3.506151520531765
0.5385219969104198,3.505658591690826,0.5385219969104198,3.5069263340931442
0.5412414542343573,3.5063479463110987,0.5412414542343573,3.5077153981903937
0.5439609115582947,3.5071485,0.5439609115582947,3.508504462287643
0.5466803688822323,3.507981412938941,0.5466803688822323,3.509293526384892
0.5493998262061698,3.5089355,0.5493998262061698,3.5100915096362817
0.5521192835301073,3.50985695123454,0.5521192835301073,3.510895518246995
0.5548387408540448,3.5105598,0.5548387408540448,3.5116995268577083
0.5575581981779822,3.511457656807986,0.5575581981779822,3.5125035354684213
0.5602776555019198,3.5122447573892313,0.5602776555019198,3.513322297527512
0.5629971128258573,3.5131588,0.5629971128258573,3.514142420907518
0.5657165701497948,3.5138648243014634,0.5657165701497948,3.514962544287524
0.5684360274737323,3.514795253509474,0.5684360274737323,3.5157795430797214
0.5711554847976698,3.515758,0.5711554847976698,3.5165863265657498
0.5738749421216073,3.516428235928069,0.5738749421216073,3.517393110051778
0.5765943994455448,3.5173824,0.5765943994455448,3.5181998935378065
0.5793138567694823,3.5181944,0.5793138567694823,3.519018288413459
0.5820333140934199,3.5192382565684293,0.5820333140934199,3.5198460714835482
0.5847527714173573,3.5201437,0.5847527714173573,3.5206738545536376
0.5874722287412948,3.5208546790413426,0.5874722287412948,3.521501637623727
0.5901916860652323,3.521885925925013,0.5901916860652323,3.5223481867248707
0.5929111433891698,3.5225804,0.5929111433891698,3.5231974993685213
0.5956306007131074,3.5237176,0.5956306007131074,3.524046812012172
0.5983500580370448,3.5243673,0.5983500580370448,3.5248949023815643
0.6010695153609823,3.5251996722940566,0.6010695153609823,3.5257377936671723
0.6037889726849198,3.5262803515196177,0.6037889726849198,3.52658068495278
0.6065084300088573,3.5271289,0.6065084300088573,3.527423576238388
0.6092278873327948,3.527941,0.6092278873327948,3.5282704372662423
0.6119473446567323,3.5289156,0.6119473446567323,3.5291211268777913
0.6146668019806698,3.5297279,0.6146668019806698,3.5299718164893403
0.6173862593046073,3.5307026,0.6173862593046073,3.5308225061008893
0.6201057166285449,3.5315146,0.6201057166285449,3.53168595368994
0.6228251739524823,3.532501840404061,0.6228251739524823,3.5325520560287713
0.6255446312764198,3.533305341985705,0.6255446312764198,3.533418158367603
0.6282640886003573,3.5342762,0.6282640886003573,3.5342899964239853
0.6309835459242948,3.535052204380358,0.6309835459242948,3.535195260727659
0.6337030032482324,3.5360632,0.6337030032482324,3.5361005250313324
0.6364224605721698,3.5368752,0.6364224605721698,3.537005789335006
0.6391419178961073,3.5378499,0.6391419178961073,3.537920756667892
0.6418613752200448,3.538763272127743,0.6418613752200448,3.5388468802155915
0.6445808325439824,3.5396369,0.6445808325439824,3.539773003763291
0.6473002898679199,3.5404491,0.6473002898679199,3.54069912731099
0.6500197471918573,3.5414238,0.6500197471918573,3.541634507235521
0.6527392045157948,3.5420735,0.6527392045157948,3.5425724393097036
0.6554586618397323,3.5431908010851303,0.6554586618397323,3.5435103713838867
0.6581781191636699,3.5438961472208526,0.6581781191636699,3.544450795516586
0.6608975764876074,3.5446985346772886,0.6608975764876074,3.545413021932201
0.6636170338115448,3.5456471,0.6636170338115448,3.546375248347816
0.6663364911354823,3.5464594,0.6663364911354823,3.547337474763431
0.6690559484594198,3.54737238271525,0.6690559484594198,3.5483103982422435
0.6717754057833574,3.5480121923453636,0.6717754057833574,3.549298016280405
0.6744948631072949,3.548762807804348,0.6744948631072949,3.550285634318566
0.6772143204312323,3.5497081,0.6772143204312323,3.5512732523567268
0.6799337777551698,3.5503548647786847,0.6799337777551698,3.5522595740181675
0.6826532350791074,3.5511506673746047,0.6826532350791074,3.553245440168912
0.6853726924030449,3.55182,0.6853726924030449,3.5542313063196564
0.6880921497269824,3.5524697,0.6880921497269824,3.555217657305696
0.6908116070509198,3.5531194,0.6908116070509198,3.5562117838408573
0.6935310643748573,3.5537694,0.6935310643748573,3.5572059103760187
0.6962505216987949,3.554480773174552,0.6962505216987949,3.55820003691118
0.6989699790227324,3.5549064,0.6989699790227324,3.559204155000274
0.7016894363466699,3.5553937,0.7016894363466699,3.5602247562784
0.7044088936706073,3.5562057,0.7044088936706073,3.5612453575565266
0.7071283509945449,3.556533681617073,0.7071283509945449,3.5622659588346526
0.7098478083184824,3.557199524436366,0.7098478083184824,3.563298156794069
0.7125672656424199,3.5578303,0.7125672656424199,3.564335417459669
0.7152867229663574,3.5583177,0.7152867229663574,3.5653726781252693
0.7180061802902948,3.558805,0.7180061802902948,3.5664092017610836
0.7207256376142324,3.5592923,0.7207256376142324,3.5673966978705636
0.7234450949381699,3.5601044,0.7234450949381699,3.5683841939800436
0.7261645522621074,3.5604293,0.7261645522621074,3.5693716900895236
0.7288840095860449,3.5610486588369956,0.7288840095860449,3.5702827347132864
0.7316034669099823,3.561580633479997,0.7316034669099823,3.571041001824416
0.7343229242339199,3.5622163,0.7343229242339199,3.5717992689355453
0.7370423815578574,3.5627036,0.7370423815578574,3.5725575360466753
0.7397618388817949,3.563319085765149,0.7397618388817949,3.5731983615655993
0.7424812962057324,3.5638406,0.7424812962057324,3.5737765646252737
0.7452007535296699,3.564394378890382,0.7452007535296699,3.5743547676849476
0.7479202108536074,3.564897798890588,0.7479202108536074,3.5749329707446216
0.7506396681775449,3.565465,0.7506396681775449,3.5754727694608435
0.7533591255014824,3.5659523,0.7533591255014824,3.576011418199912
0.75607858282542,3.566602,0.75607858282542,3.57655006693898
0.7587980401493574,3.5670893,0.7587980401493574,3.5770963607155513
0.7615174974732949,3.5679010778905793,0.7615174974732949,3.5776614051417828
0.7642369547972324,3.568405549133434,0.7642369547972324,3.5782264495680147
0.7669564121211699,3.5691683974696,0.7669564121211699,3.5787914939942462
0.7696758694451075,3.5698021334720544,0.7696758694451075,3.5793699194713873
0.7723953267690449,3.5703382,0.7723953267690449,3.5799569599949175
0.7751147840929824,3.5709879,0.7751147840929824,3.580544000518448
0.7778342414169199,3.5716379,0.7778342414169199,3.5811310410419783
0.7805536987408574,3.5722876,0.7805536987408574,3.5817588200994024
0.783273156064795,3.573132918447699,0.783273156064795,3.5823898052260206
0.7859926133887324,3.573604136994679,0.7859926133887324,3.5830207903526383
0.7887120707126699,3.5745618,0.7887120707126699,3.5836602068964125
0.7914315280366074,3.5752267572919294,0.7914315280366074,3.5843255011708557
0.794150985360545,3.575992340340122,0.794150985360545,3.5849907954452984
0.7968704426844824,3.5768359,0.7968704426844824,3.5856560897197416
0.7995899000084199,3.5776482,0.7995899000084199,3.586359366739788
0.8023093573323574,3.5786228,0.8023093573323574,3.587091952164306
0.8050288146562949,3.5794349,0.8050288146562949,3.5878245375888245
0.8077482719802325,3.5803598730894994,0.8077482719802325,3.5885571230133424
0.8104677293041699,3.5813842,0.8104677293041699,3.5893284596930917
0.8131871866281074,3.5825214,0.8131871866281074,3.590104923111077
0.8159066439520449,3.5834961,0.8159066439520449,3.590881386529062
0.8186261012759825,3.584617475258169,0.8186261012759825,3.5916698004628933
0.82134555859992,3.5856078,0.82134555859992,3.5925054645117678
0.8240650159238574,3.5866965178167898,0.8240650159238574,3.5933411285606423
0.8267844732477949,3.5879797922621695,0.8267844732477949,3.594176792609517
0.8295039305717324,3.5890191,0.8295039305717324,3.595017510356629
0.83222338789567,3.590350998363354,0.83222338789567,3.59586288241255
0.8349428452196075,3.5914557,0.8349428452196075,3.596708254468471
0.8376623025435449,3.592885447763136,0.8376623025435449,3.5975536265243924
0.8403817598674824,3.5940547,0.8403817598674824,3.598439680304703
0.84310121719142,3.5953543,0.84310121719142,3.59933352479021
0.8458206745153575,3.5964913,0.8458206745153575,3.6002273692757165
0.848540131839295,3.597791,0.848540131839295,3.6011260413686643
0.8512595891632324,3.5990903,0.8512595891632324,3.602050444011996
0.8539790464871699,3.6002276,0.8539790464871699,3.602974846655327
0.8566985038111075,3.6014444716197893,0.8566985038111075,3.603899249298658
0.859417961135045,3.6026642,0.859417961135045,3.6048455249883635
0.8621374184589825,3.6038013,0.8621374184589825,3.605815813241553
0.8648568757829199,3.604806643829965,0.8648568757829199,3.6067861014947424
0.8675763331068574,3.6060896381674996,0.8675763331068574,3.607756389747932
0.870295790430795,3.6070499,0.870295790430795,3.608723497547195
0.8730152477547325,3.6083496,0.8730152477547325,3.6096897872002285
0.87573470507867,3.609451763440149,0.87573470507867,3.610656076853262
0.8784541624026074,3.6104612,0.8784541624026074,3.6116238583897218
0.881173619726545,3.611530930236603,0.881173619726545,3.612603223582681
0.8838930770504825,3.6124105,0.8838930770504825,3.61358258877564
0.88661253437442,3.6135478,0.88661253437442,3.6145619539685994
0.8893319916983575,3.61440563105819,0.8893319916983575,3.6155410937593513
0.8920514490222949,3.6154969,0.8920514490222949,3.6165199381556405
0.8947709063462325,3.6164844761337394,0.8947709063462325,3.61749878255193
0.89749036367017,3.6174462,0.89749036367017,3.618477626948219
0.9002098209941075,3.6184208,0.9002098209941075,3.619461467725891
0.902929278318045,3.6193955,0.902929278318045,3.6204469605949363
0.9056487356419824,3.6204227255454136,0.9056487356419824,3.6214324534639815
0.90836819296592,3.6215074,0.90836819296592,3.622417534421776
0.9110876502898575,3.622404905227501,0.9110876502898575,3.623397160743363
0.913807107613795,3.6232941,0.913807107613795,3.62437678706495
0.9165265649377325,3.6243132533331304,0.9165265649377325,3.6253564133865366
0.91924602226167,3.625377921505241,0.91924602226167,3.6263508905311768
0.9219654795856075,3.626229776352829,0.9219654795856075,3.6273687017263647
0.924684936909545,3.6273553,0.924684936909545,3.6283865129215527
0.9274043942334825,3.6283298,0.9274043942334825,3.62940432411674
0.9301238515574201,3.6291794194824925,0.9301238515574201,3.6304193878607958
0.9328433088813575,3.6304417,0.9328433088813575,3.6314333164157264
0.935562766205295,3.631508481162876,0.935562766205295,3.632447244970657
0.9382822235292325,3.632391,0.9382822235292325,3.6334608454797457
0.94100168085317,3.6334250991855885,0.94100168085317,3.634462314960029
0.9437211381771076,3.6343403,0.9437211381771076,3.635463784440312
0.946440595501045,3.6355040215508168,0.946440595501045,3.636465253920595
0.9491600528249825,3.6366143,0.9491600528249825,3.6374768801285553
0.95187951014892,3.637594924111419,0.95187951014892,3.638507786386794
0.9545989674728576,3.6387484634463916,0.9545989674728576,3.639538692645033
0.957318424796795,3.639824708540054,0.957318424796795,3.6405695989032716
0.9600378821207325,3.6410003,0.9600378821207325,3.6415677080927638
0.96275733944467,3.6421373,0.96275733944467,3.64254920188192
0.9654767967686075,3.6431119,0.9654767967686075,3.6435306956710756
0.9681962540925451,3.6444116,0.9681962540925451,3.6445121894602317
0.9709157114164825,3.6453441426786704,0.9709157114164825,3.645498251249806
0.97363516874042,3.646497550836222,0.97363516874042,3.646484394657991
0.9763546260643575,3.647669831922845,0.9763546260643575,3.6474705380661754
0.979074083388295,3.6487975,0.979074083388295,3.648457422585481
0.9817935407122326,3.6500736721543032,0.9817935407122326,3.649446026917353
0.98451299803617,3.6510718,0.98451299803617,3.650434631249225
0.9872324553601075,3.6523151267601124,0.9872324553601075,3.6514232355810976
0.989951912684045,3.6535082,0.989951912684045,3.6524250937223828
0.9926713700079826,3.6546454,0.9926713700079826,3.653435080096516
0.9953908273319201,3.655839776774376,0.9953908273319201,3.6544450664706494
0.9981102846558575,3.6568390778305297,0.9981102846558575,3.6554550528447827
1.0008297419797951,3.65819450277935,1.0008297419797951,3.6564411581519565
1.0035491993037327,3.6591938,1.0035491993037327,3.65742570022414
1.00626865662767,3.6604852034426494,1.00626865662767,3.6584102422963234
1.0089881139516075,3.6616304,1.0089881139516075,3.659398089518705
1.011707571275545,3.6626460473647526,1.011707571275545,3.660395478705183
1.0144270285994825,3.6637421,1.0144270285994825,3.6613928678916614
1.01714648592342,3.6650417,1.01714648592342,3.6623902570781395
1.0198659432473576,3.6660163,1.0198659432473576,3.6634034624885494
1.022585400571295,3.6671534,1.022585400571295,3.664428311668116
1.0253048578952326,3.6682904,1.0253048578952326,3.665453160847682
1.0280243152191701,3.6694276,1.0280243152191701,3.6664780100272485
1.0307437725431077,3.670557412465346,1.0307437725431077,3.667529156509341
1.033463229867045,3.6716927534485677,1.033463229867045,3.668583398699349
1.0361826871909825,3.6726511186558994,1.0361826871909825,3.669637640889357
1.03890214451492,3.673651,1.03890214451492,3.6706857063363794
1.0416216018388575,3.674845982709104,1.0416216018388575,3.671711001946516
1.044341059162795,3.6759253,1.044341059162795,3.6727362975566527
1.0470605164867326,3.6770623,1.0470605164867326,3.673761593166789
1.0497799738106701,3.6780369,1.0497799738106701,3.674787493863676
1.0524994311346076,3.679090652295804,1.0524994311346076,3.67581392666331
1.0552188884585452,3.6801486,1.0552188884585452,3.6768403594629437
1.0579383457824825,3.681292716777347,1.0579383457824825,3.6778667922625776
1.06065780310642,3.6824229,1.06065780310642,3.6789198114025354
1.0633772604303575,3.6835857627172826,1.0633772604303575,3.679977493020063
1.066096717754295,3.6845766344181903,1.066096717754295,3.6810351746375907
1.0688161750782326,3.6858342,1.0688161750782326,3.682091195912068
1.07153563240217,3.6868966134931247,1.07153563240217,3.6831390820246903
1.0742550897261076,3.6882708,1.0742550897261076,3.684186968137312
1.0769745470500451,3.6894078,1.0769745470500451,3.685234854249934
1.0796940043739827,3.6905448,1.0796940043739827,3.686297714814477
1.0824134616979202,3.691659340638137,1.0824134616979202,3.687376273335347
1.0851329190218575,3.6929749946534876,1.0851329190218575,3.6884548318562165
1.087852376345795,3.6941187,1.087852376345795,3.689533390377086
1.0905718336697325,3.695307779579156,1.0905718336697325,3.6906172757477105
1.09329129099367,3.6965975714043227,1.09329129099367,3.691702435798718
1.0960107483176076,3.6979588352445196,1.0960107483176076,3.692787595849725
1.098730205641545,3.6991544,1.098730205641545,3.6938704967204257
1.1014496629654826,3.700454,1.1014496629654826,3.694937672073764
1.1041691202894202,3.7016460086174434,1.1041691202894202,3.696004847427103
1.1068885776133577,3.702929265227109,1.1068885776133577,3.6970720227804414
1.1096080349372952,3.70419,1.1096080349372952,3.6981337128424765
1.1123274922612325,3.7054896,1.1123274922612325,3.6991885428959486
1.11504694958517,3.7067792716763304,1.11504694958517,3.70024337294942
1.1177664069091076,3.708062691778714,1.1177664069091076,3.7012982030028923
1.120485864233045,3.7092257,1.120485864233045,3.7023863718873926
1.1232053215569826,3.7105253,1.1232053215569826,3.7034848947611128
1.1259247788809201,3.7117368324527615,1.1259247788809201,3.704583417634833
1.1286442362048577,3.713052560063531,1.1286442362048577,3.705681530930986
1.1313636935287952,3.714205709401775,1.1313636935287952,3.706775042646103
1.1340831508527327,3.7153986,1.1340831508527327,3.70786855436122
1.1368026081766702,3.7166979,1.1368026081766702,3.708962066076337
1.1395220655006075,3.717842259616441,1.1395220655006075,3.710057464058298
1.142241522824545,3.7189722,1.142241522824545,3.7111556862761477
1.1449609801484826,3.7202718,1.1449609801484826,3.712253908493998
1.14768043747242,3.7214088,1.14768043747242,3.713352130711848
1.1503998947963576,3.7227085,1.1503998947963576,3.714449257860849
1.1531193521202951,3.7238455,1.1531193521202951,3.7155459573393212
1.1558388094442327,3.7249825,1.1558388094442327,3.7166426568177933
1.1585582667681702,3.7260634188166253,1.1585582667681702,3.7177395532412265
1.1612777240921077,3.727216918105397,1.1612777240921077,3.718841456102502
1.1639971814160452,3.7283938,1.1639971814160452,3.7199433589637776
1.1667166387399825,3.7293684,1.1667166387399825,3.721045261825053
1.16943609606392,3.7305055,1.16943609606392,3.722164509536121
1.1721555533878576,3.7317799658973434,1.1721555533878576,3.7233150580691263
1.1748750107117951,3.7329006472485546,1.1748750107117951,3.7244656066021316
1.1775944680357326,3.734021603035299,1.1775944680357326,3.7256161551351368
1.1803139253596702,3.7349654995274064,1.1803139253596702,3.7267334597130866
1.1830333826836077,3.7360287,1.1830333826836077,3.7278347769255658
1.1857528400075452,3.7371657,1.1857528400075452,3.7289360941380445
1.1884722973314827,3.7383027,1.1884722973314827,3.7300374113505232
1.1911917546554203,3.739416381679817,1.1911917546554203,3.731199041225753
1.1939112119793576,3.7404215072217815,1.1939112119793576,3.7323610372546288
1.196630669303295,3.7415516,1.196630669303295,3.7335230332835043
1.1993501266272326,3.7423637,1.1993501266272326,3.7346958067216547
1.2020695839511701,3.743621570182472,1.2020695839511701,3.735892271583168
1.2047890412751077,3.7447423151317336,1.2047890412751077,3.737088736444681
1.2075084985990452,3.745775,1.2075084985990452,3.7382852013061947
1.2102279559229827,3.747002788114696,1.2102279559229827,3.739478508038246
1.2129474132469202,3.747942498986869,1.2129474132469202,3.740669970925371
1.2156668705708578,3.7489008929900556,1.2156668705708578,3.741861433812496
1.218386327894795,3.750137888462374,1.218386327894795,3.7430528966996204
1.2211057852187326,3.751298,1.2211057852187326,3.744267246986985
1.22382524254267,3.7524352,1.22382524254267,3.7454827997947873
1.2265446998666076,3.7534356992046227,1.2265446998666076,3.7466983526025897
1.2292641571905452,3.7545889119830265,1.2292641571905452,3.747913933127915
1.2319836145144827,3.7558465,1.2319836145144827,3.749129589056319
1.2347030718384202,3.7568212,1.2347030718384202,3.7503452449847234
1.2374225291623577,3.7579582,1.2374225291623577,3.7515609009131277
1.2401419864862953,3.7592020675369424,1.2401419864862953,3.7527899324003986
1.2428614438102328,3.760271846224269,1.2428614438102328,3.754028355513579
1.24558090113417,3.7613927714072735,1.24558090113417,3.7552667786267593
1.2483003584581076,3.7626688,1.2483003584581076,3.7565052017399396
1.2510198157820451,3.7638061,1.2510198157820451,3.757754476798872
1.2537392731059827,3.7650803822080143,1.2537392731059827,3.759004875155922
1.2564587304299202,3.7661213761098495,1.2564587304299202,3.760255273512972
1.2591781877538577,3.767274698488986,1.2591781877538577,3.7615093538093887
1.2618976450777952,3.7683544,1.2618976450777952,3.7627761233451276
1.2646171024017328,3.7695810567912713,1.2646171024017328,3.7640428928808665
1.2673365597256703,3.7707911,1.2673365597256703,3.765309662416606
1.2700560170496078,3.7719281,1.2700560170496078,3.7665726646173914
1.272775474373545,3.7730653,1.272775474373545,3.7678325039262033
1.2754949316974826,3.7742023,1.2754949316974826,3.7690923432350156
1.2782143890214201,3.7753394,1.2782143890214201,3.770352182543828
1.2809338463453577,3.7765005642322462,1.2809338463453577,3.7716191421182312
1.2836533036692952,3.7776136,1.2836533036692952,3.7728872385822725
1.2863727609932327,3.7785883,1.2863727609932327,3.7741553350463133
1.2890922183171702,3.7797421547772903,1.2890922183171702,3.7754297790728
1.2918116756411078,3.7807889975531843,1.2918116756411078,3.7767329410595423
1.2945311329650453,3.781942409809513,1.2945311329650453,3.7780361030462846
1.2972505902889828,3.7829742,1.2972505902889828,3.779339265033027
1.2999700476129201,3.7839489,1.2999700476129201,3.7806142754133343
1.3026895049368576,3.7850859,1.3026895049368576,3.781861103257172
1.3054089622607952,3.7863855,1.3054089622607952,3.783107931101009
1.3081284195847327,3.78736,1.3081284195847327,3.7843547589448465
1.3108478769086702,3.7884972,1.3108478769086702,3.785580349830144
1.3135673342326077,3.789415386623639,1.3135673342326077,3.7868012292912057
1.3162867915565453,3.7905193043293264,1.3162867915565453,3.788022108752268
1.3190062488804828,3.7916566940440135,1.3190062488804828,3.78923791975585
1.3217257062044203,3.7927774960422296,1.3217257062044203,3.7904218399591807
1.3244451635283578,3.7938173265250956,1.3244451635283578,3.7916057601625113
1.3271646208522951,3.7948325,1.3271646208522951,3.792789680365842
1.3298840781762327,3.7958071,1.3298840781762327,3.793972663013582
1.3326035355001702,3.7969353902020977,1.3326035355001702,3.7951545264602995
1.3353229928241077,3.7979188,1.3353229928241077,3.796336389907017
1.3380424501480452,3.7990558,1.3380424501480452,3.797518253353735
1.3407619074719828,3.8001928,1.3407619074719828,3.7987186907224837
1.3434813647959203,3.801093057188646,1.3434813647959203,3.7999245345305925
1.3462008221198578,3.8022137070207918,1.3462008221198578,3.801130378338701
1.3489202794437953,3.8032794,1.3489202794437953,3.8023373211966787
1.3516397367677329,3.8043777186376526,1.3516397367677329,3.8035549507281483
1.3543591940916702,3.8055534,1.3543591940916702,3.8047725802596175
1.3570786514156077,3.8065281,1.3570786514156077,3.805990209791087
1.3597981087395452,3.8075027,1.3597981087395452,3.807191373017433
1.3625175660634827,3.80864,1.3625175660634827,3.808369031721748
1.3652370233874203,3.809733604473688,1.3652370233874203,3.8095466904260626
1.3679564807113578,3.8107517,1.3679564807113578,3.810724349130377
1.3706759380352953,3.8118887,1.3706759380352953,3.8119032152661747
1.3733953953592328,3.8128633,1.3733953953592328,3.813082526484217
1.3761148526831704,3.8140536805119503,1.3761148526831704,3.8142618377022592
1.3788343100071079,3.814975,1.3788343100071079,3.815440026572071
1.3815537673310452,3.816132500389635,1.3815537673310452,3.8165966038986716
1.3842732246549827,3.8172455709261746,1.3842732246549827,3.8177531812252723
1.3869926819789202,3.8183863,1.3869926819789202,3.818909758551873
1.3897121393028578,3.819361,1.3897121393028578,3.8200544609861344
1.3924315966267953,3.8204524280202614,1.3924315966267953,3.8211787761042206
1.3951510539507328,3.8214729,1.3951510539507328,3.822303091222307
1.3978705112746703,3.8226099,1.3978705112746703,3.823427406340393
1.4005899685986078,3.8237469,1.4005899685986078,3.824549727176568
1.4033094259225454,3.8247722159713025,1.4033094259225454,3.8256711384790836
1.4060288832464827,3.8256022829795553,1.4060288832464827,3.826792549781599
1.4087483405704202,3.8271582,1.4087483405704202,3.8279139739084576
1.4114677978943577,3.8281329,1.4114677978943577,3.829037723181683
1.4141872552182952,3.8291075,1.4141872552182952,3.830161472454909
1.4169067125422328,3.8304071,1.4169067125422328,3.831285221728135
1.4196261698661703,3.8313818,1.4196261698661703,3.832398564255832
1.4223456271901078,3.8325188,1.4223456271901078,3.833490212835809
1.4250650845140453,3.833574639854758,1.4250650845140453,3.8345818614157863
1.4277845418379829,3.8347931,1.4277845418379829,3.8356735099957633
1.4305039991619204,3.8357677,1.4305039991619204,3.8367747695597343
1.4332234564858577,3.836873072979606,1.4332234564858577,3.837881367653035
1.4359429138097952,3.8378794,1.4359429138097952,3.838987965746336
1.4386623711337327,3.83901767940086,1.4386623711337327,3.8400945638396373
1.4413818284576703,3.8400087728379795,1.4413818284576703,3.8412010115787787
1.4441012857816078,3.8412907,1.4441012857816078,3.8423074533140116
1.4468207431055453,3.842377224874411,1.4468207431055453,3.843413895049245
1.4495402004294828,3.8434024,1.4495402004294828,3.844522221328016
1.4522596577534204,3.8445394,1.4522596577534204,3.8456353862049424
1.4549791150773579,3.8455767165293073,1.4549791150773579,3.846748551081869
1.4576985724012954,3.846534804238058,1.4576985724012954,3.8478617159587953
1.4604180297252327,3.8477883,1.4604180297252327,3.848985323344275
1.4631374870491702,3.8489254,1.4631374870491702,3.850115921096272
1.4658569443731078,3.8500624,1.4658569443731078,3.8512465188482685
1.4685764016970453,3.851037,1.4685764016970453,3.8523771166002656
1.4712958590209828,3.852137978462537,1.4712958590209828,3.8534967610270656
1.4740153163449203,3.8533640401081892,1.4740153163449203,3.854615423383837
1.4767347736688579,3.8544483,1.4767347736688579,3.8557340857406084
1.4794542309927954,3.855508625314926,1.4794542309927954,3.8568485423773047
1.482173688316733,3.8565602,1.482173688316733,3.8579494157917806
1.4848931456406704,3.8576972,1.4848931456406704,3.8590502892062566
1.4876126029646077,3.8588343,1.4876126029646077,3.8601511626207325
1.4903320602885453,3.859830968383558,1.4903320602885453,3.8612667144514954
1.4930515176124828,3.861103023381043,1.4930515176124828,3.8623940293307073
1.4957709749364203,3.8622456,1.4957709749364203,3.8635213442099188
1.4984904322603578,3.8633443410943875,1.4984904322603578,3.8646486590891307
1.5012098895842954,3.8643572,1.5012098895842954,3.8657718887834664
1.5039293469082329,3.865585849397059,1.5039293469082329,3.866894528650958
1.5066488042321704,3.866706438537433,1.5066488042321704,3.86801716851845
1.509368261556108,3.8676062,1.509368261556108,3.8691413765069127
1.5120877188800455,3.8687854466751794,1.5120877188800455,3.8702721607828035
1.5148071762039828,3.8699061470668936,1.5148071762039828,3.8714029450586938
1.5175266335279203,3.8710267735677433,1.5175266335279203,3.8725337293345845
1.5202460908518578,3.8721545,1.5202460908518578,3.8736867546681917
1.5229655481757953,3.8732915,1.5229655481757953,3.8748610426597896
1.5256850054997328,3.8744287,1.5256850054997328,3.876035330651388
1.5284044628236704,3.8754034,1.5284044628236704,3.877209618642986
1.531123920147608,3.8767028,1.531123920147608,3.878362815655709
1.5338433774715454,3.8776774,1.5338433774715454,3.8795116913122016
1.536562834795483,3.8788147,1.536562834795483,3.8806605669686944
1.5392822921194205,3.8799517,1.5392822921194205,3.881809571471457
1.5420017494433578,3.8811132116437963,1.5420017494433578,3.882959313869781
1.5447212067672953,3.8823884,1.5447212067672953,3.8841090562681044
1.5474406640912328,3.883363,1.5474406640912328,3.8852587986664284
1.5501601214151703,3.8845,1.5501601214151703,3.886411808076985
1.5528795787391079,3.885637,1.5528795787391079,3.887568540810488
1.5555990360630454,3.8868799714834905,1.5555990360630454,3.8887252735439906
1.558318493386983,3.887821967932759,1.558318493386983,3.8898820062774937
1.5610379507109204,3.8890483,1.5610379507109204,3.891045353159897
1.563757408034858,3.8901856,1.563757408034858,3.892210500126573
1.5664768653587955,3.8913226,1.5664768653587955,3.893375647093249
1.5691963226827328,3.8924596,1.5691963226827328,3.8945442640048165
1.5719157800066703,3.8935969,1.5719157800066703,3.8957425299241515
1.5746352373306078,3.8947416205303496,1.5746352373306078,3.8969407958434865
1.5773546946545454,3.8958709,1.5773546946545454,3.8981390617628215
1.5800741519784829,3.896968126624266,1.5800741519784829,3.8993376417722145
1.5827936093024204,3.8981452,1.5827936093024204,3.900536649383785
1.585513066626358,3.8992822,1.585513066626358,3.9017356569953554
1.5882325239502955,3.9005818,1.5882325239502955,3.902934664606926
1.590951981274233,3.9016142674405256,1.590951981274233,3.9041202449626153
1.5936714385981703,3.9026935,1.5936714385981703,3.905301161005099
1.5963908959221078,3.9039931,1.5963908959221078,3.906482077047583
1.5991103532460453,3.90497704666864,1.5991103532460453,3.9076624477732245
1.6018298105699829,3.9061048,1.6018298105699829,3.9088344078221824
1.6045492678939204,3.9074044,1.6045492678939204,3.9100063678711403
1.607268725217858,3.9085414,1.607268725217858,3.9111783279200982
1.6099881825417954,3.9096785,1.6099881825417954,3.9123648367483246
1.612707639865733,3.9107439655128386,1.612707639865733,3.913575124016741
1.6154270971896705,3.9119527,1.6154270971896705,3.914785411285158
1.618146554513608,3.9130312180644187,1.618146554513608,3.9159956985535747
1.6208660118375453,3.9143894,1.6208660118375453,3.917220476225879
1.6235854691614828,3.9155264,1.6235854691614828,3.9184515144858714
1.6263049264854204,3.9168160492054165,1.6263049264854204,3.9196825527458636
1.6290243838093579,3.917963,1.6290243838093579,3.9209133664210216
1.6317438411332954,3.9191,1.6317438411332954,3.9221311975231377
1.634463298457233,3.9202373,1.634463298457233,3.9233490286252537
1.6371827557811705,3.9213743,1.6371827557811705,3.92456685972737
1.639902213105108,3.9226737,1.639902213105108,3.925793013851058
1.6426216704290455,3.923811,1.6426216704290455,3.9270356372329482
1.645341127752983,3.925006874000802,1.645341127752983,3.928278260614838
1.6480605850769203,3.9262476,1.6480605850769203,3.9295208839967275
1.6507800424008578,3.927683059624106,1.6507800424008578,3.9307552389410887
1.6534994997247954,3.9286842,1.6534994997247954,3.9319852274821883
1.656218957048733,3.9299836,1.656218957048733,3.933215216023288
1.6589384143726704,3.931239241964786,1.6589384143726704,3.9344452045643874
1.661657871696608,3.9325066931767947,1.661657871696608,3.9356835801133476
1.6643773290205455,3.9335575,1.6643773290205455,3.936922187322788
1.667096786344483,3.9348569,1.667096786344483,3.938160794532229
1.6698162436684205,3.936232450321028,1.6698162436684205,3.939414760828736
1.672535700992358,3.9374559,1.672535700992358,3.9407059989207665
1.6752551583162953,3.9387555,1.6752551583162953,3.9419972370127963
1.6779746156402329,3.9398650654893568,1.6779746156402329,3.9432884751048265
1.6806940729641704,3.9411922,1.6806940729641704,3.944594651582672
1.683413530288108,3.9424918,1.683413530288108,3.945910357494682
1.6861329876120454,3.9437912,1.6861329876120454,3.947226063406691
1.688852444935983,3.9450908,1.688852444935983,3.948541769318701
1.6915719022599205,3.9465528,1.6915719022599205,3.949819099610886
1.694291359583858,3.9476898,1.694291359583858,3.9510935075504348
1.6970108169077955,3.9492280959431167,1.6970108169077955,3.9523679154899836
1.699730274231733,3.9502888,1.699730274231733,3.9536533544983237
1.7024497315556704,3.9517508,1.7024497315556704,3.9549722528126257
1.7051691888796079,3.9531851636858493,1.7051691888796079,3.956291151126928
1.7078886462035454,3.9546633958558415,1.7078886462035454,3.95761004944123
1.710608103527483,3.9558169199144197,1.710608103527483,3.9589560215424093
1.7133275608514205,3.9574151971890728,1.7133275608514205,3.960322698680546
1.716047018175358,3.9587732063617493,1.716047018175358,3.961689375818683
1.7187664754992955,3.9601977,1.7187664754992955,3.9630560529568197
1.721485932823233,3.9615898219385244,1.721485932823233,3.9644259731329723
1.7242053901471706,3.963035571527697,1.7242053901471706,3.965796313256963
1.726924847471108,3.9645836,1.726924847471108,3.967166653380954
1.7296443047950454,3.9660017649767823,1.7296443047950454,3.9685518856010678
1.732363762118983,3.9676425464908167,1.732363762118983,3.96999520504792
1.7350832194429204,3.969120759477077,1.7350832194429204,3.9714385244947716
1.737802676766858,3.9707517034178994,1.737802676766858,3.972881843941624
1.7405221340907955,3.9722185,1.7405221340907955,3.9743145265613045
1.743241591414733,3.9738429,1.743241591414733,3.975737498746319
1.7459610487386705,3.975520509781127,1.7459610487386705,3.9771604709313335
1.748680506062608,3.9772542,1.748680506062608,3.978583443116348
1.7513999633865456,3.9787161,1.7513999633865456,3.9800585394344408
1.7541194207104829,3.980604695098381,1.7541194207104829,3.9815434557578366
1.7568388780344204,3.9821720936105365,1.7568388780344204,3.983028372081232
1.759558335358358,3.9839141,1.759558335358358,3.9845217546628957
1.7622777926822955,3.9857011,1.7622777926822955,3.9860595271514123
1.764997250006233,3.9873254,1.764997250006233,3.9875972996399285
1.7677167073301705,3.98895,1.7677167073301705,3.989135072128445
1.770436164654108,3.9906101259828977,1.770436164654108,3.9906932980364416
1.7731556219780455,3.991874,1.7731556219780455,3.9922737813986067
1.775875079301983,3.9940536874008568,1.775875079301983,3.993854264760772
1.7785945366259206,3.9956883436576494,1.7785945366259206,3.9954347481229373
1.781313993949858,3.997072,1.781313993949858,3.9971297694855803
1.7840334512737954,3.9987426317017776,1.7840334512737954,3.998853858627888
1.786752908597733,4.000351119432687,1.786752908597733,4.0005779477701955
1.7894723659216705,4.0017829,1.7894723659216705,4.002306079919037
1.792191823245608,4.0032427714017444,1.792191823245608,4.004064935136163
1.7949112805695455,4.0045443,1.7949112805695455,4.005823790353288
1.797630737893483,4.005971595940926,1.797630737893483,4.007582645570414
1.8003501952174206,4.0071435,1.8003501952174206,4.009358440377507
1.803069652541358,4.0084429,1.803069652541358,4.011156237435857
1.8057891098652956,4.009825551293501,1.8057891098652956,4.012954034494208
1.808508567189233,4.0112042,1.808508567189233,4.014751831552558
1.8112280245131704,4.0123415,1.8112280245131704,4.016572164686308
1.813947481837108,4.013772774371127,1.813947481837108,4.0183998622331005
1.8166669391610455,4.014807052711388,1.8166669391610455,4.020227559779893
1.819386396484983,4.016238306769322,1.819386396484983,4.022049130204444
1.8221058538089205,4.017521415165906,1.8221058538089205,4.023792208361563
1.824825311132858,4.018642294838676,1.824825311132858,4.025535286518682
1.8275447684567956,4.019864696302626,1.8275447684567956,4.0272783646758015
1.8302642257807331,4.02120878157852,1.8302642257807331,4.028948654269002
1.8329836831046706,4.0224128,1.8329836831046706,4.030505626415823
1.835703140428608,4.0237126,1.835703140428608,4.032062598562644
1.8384225977525455,4.0251746,1.8384225977525455,4.033619570709464
1.841142055076483,4.026606479991209,1.841142055076483,4.035072302977664
1.8438615124004205,4.027909380247246,1.8438615124004205,4.036482420932636
1.846580969724358,4.0292354,1.846580969724358,4.037892538887607
1.8493004270482956,4.0305347,1.8493004270482956,4.039298528819878
1.852019884372233,4.032032724640152,1.852019884372233,4.040563927355916
1.8547393416961706,4.033406326302243,1.8547393416961706,4.041829325891953
1.8574587990201081,4.03468951699093,1.8574587990201081,4.043094724427991
1.8601782563440457,4.0361435557427,1.8601782563440457,4.0443656167643685
1.862897713667983,4.037622012286605,1.862897713667983,4.045646837102307
1.8656171709919205,4.0389819,1.8656171709919205,4.046928057440246
1.868336628315858,4.0404439,1.868336628315858,4.048209277778184
1.8710560856397955,4.042057583443815,1.8710560856397955,4.049503315468
1.873775542963733,4.043373435593255,1.873775542963733,4.050803782952163
1.8764950002876706,4.044970289469559,1.8764950002876706,4.052104250436325
1.879214457611608,4.0462918,1.879214457611608,4.053404717920488
1.8819339149355456,4.047808912593542,1.8819339149355456,4.054667455980419
1.8846533722594832,4.0493784,1.8846533722594832,4.055929605500105
1.8873728295834207,4.0508399,1.8873728295834207,4.057191755019791
1.890092286907358,4.052569069458286,1.890092286907358,4.058458505087362
1.8928117442312955,4.0540891,1.8928117442312955,4.059735820612536
1.895531201555233,4.0553885,1.895531201555233,4.061013136137709
1.8982506588791705,4.0568504,1.8982506588791705,4.062290451662883
1.900970116203108,4.058475,1.900970116203108,4.06358009223542
1.9036895735270456,4.0599613571244815,1.9036895735270456,4.064877221309243
1.9064090308509831,4.0615611,1.9064090308509831,4.066174350383067
1.9091284881749206,4.0631857,1.9091284881749206,4.06747147945689
1.9118479454988582,4.0644851,1.9118479454988582,4.068729685291072
1.9145674028227955,4.066019107244871,1.9145674028227955,4.0699854399791535
1.917286860146733,4.0676270156804994,1.917286860146733,4.071241194667235
1.9200063174706705,4.0691962,1.9200063174706705,4.072489465125776
1.922725774794608,4.070798021050475,1.922725774794608,4.073716374667429
1.9254452321185456,4.0721202,1.9254452321185456,4.0749432842090805
1.928164689442483,4.073733708613707,1.928164689442483,4.076170193750733
1.9308841467664206,4.075017077945154,1.9308841467664206,4.077413513986226
1.9336036040903581,4.0765057,1.9336036040903581,4.078668807492276
1.9363230614142957,4.0781302,1.9363230614142957,4.079924100998325
1.9390425187382332,4.0795922,1.9390425187382332,4.081179394504375
1.9417619760621705,4.081147352054944,1.9417619760621705,4.082441955170514
1.944481433386108,4.082569173125343,1.944481433386108,4.083705351449547
1.9472008907100455,4.084104260653063,1.9472008907100455,4.08496874772858
1.949920348033983,4.085582748572654,1.949920348033983,4.0862323623226535
1.9526398053579206,4.0870647,1.9526398053579206,4.087496771294903
1.9553592626818581,4.0885267,1.9553592626818581,4.088761180267154
1.9580787200057956,4.0899887,1.9580787200057956,4.090025589239404
1.9607981773297332,4.0912881,1.9607981773297332,4.091284934722361
1.9635176346536707,4.0929127,1.9635176346536707,4.092539866546729
1.9662370919776082,4.0942121,1.9662370919776082,4.093794798371097
1.9689565493015455,4.095674,1.9689565493015455,4.0950497301954645
1.971676006625483,4.097024518606825,1.971676006625483,4.096315714599063
1.9743954639494206,4.098470089607153,1.9743954639494206,4.097583603885368
1.977114921273358,4.0998974,1.977114921273358,4.098851493171672
1.9798343785972956,4.1011986272244245,1.9798343785972956,4.10012205450009
1.9825538359212331,4.102673336554754,1.9825538359212331,4.101405506515917
1.9852732932451707,4.1041207,1.9852732932451707,4.102688958531744
1.9879927505691082,4.1054206,1.9879927505691082,4.103972410547573
1.9907122078930457,4.106784016716934,1.9907122078930457,4.105240629780056
1.9934316652169832,4.108182,1.9934316652169832,4.106493019864108
1.9961511225409205,4.109546994558201,1.9961511225409205,4.107745409948161
1.998870579864858,4.110992615067661,1.998870579864858,4.108997800032213
2.001590037188796,4.112275955882671,2.001590037188796,4.110283436324213
2.004309494512733,4.113688750602522,2.004309494512733,4.111576916469826
2.007028951836671,4.1148419,2.007028951836671,4.112870396615439
2.009748409160608,4.1163039,2.009748409160608,4.114160765990748
2.0124678664845455,4.117636544638451,2.0124678664845455,4.1154299073538
2.015187323808483,4.119016670918964,2.015187323808483,4.1166990487168516
2.0179067811324205,4.1203651,2.0179067811324205,4.117968190079903
2.0206262384563582,4.1216645,2.0206262384563582,4.119240928419108
2.0233456957802956,4.1228018,2.0233456957802956,4.120518125418735
2.0260651531042333,4.1242638,2.0260651531042333,4.121795322418362
2.0287846104281706,4.125594645854705,2.0287846104281706,4.123072519417988
2.0315040677521083,4.126715555008388,2.0315040677521083,4.124353808628078
2.0342235250760456,4.1281624,2.0342235250760456,4.125636353369693
2.036942982399983,4.129479375698957,2.036942982399983,4.126918898111308
2.0396624397239207,4.1307611,2.0396624397239207,4.128201078733902
2.042381897047858,4.1322231,2.042381897047858,4.129479284983505
2.0451013543717957,4.133426741138151,2.0451013543717957,4.130757491233109
2.047820811695733,4.1348224,2.047820811695733,4.1320356974827135
2.050540269019671,4.136023256771598,2.050540269019671,4.133318065752745
2.053259726343608,4.137373845421688,2.053259726343608,4.134606609010392
2.055979183667546,4.138752621167143,2.055979183667546,4.13589515226804
2.058698640991483,4.1400204,2.058698640991483,4.137183695525687
2.061418098315421,4.1414824,2.061418098315421,4.138489608808302
2.064137555639358,4.1429107063260355,2.064137555639358,4.139802232337386
2.0668570129632955,4.1442442,2.0668570129632955,4.14111485586647
2.0695764702872332,4.1455436,2.0695764702872332,4.142426868526785
2.0722959276111705,4.146843,2.0722959276111705,4.14372423706149
2.0750153849351083,4.1483049,2.0750153849351083,4.145021605596195
2.0777348422590456,4.1496690700916785,2.0777348422590456,4.1463189741309
2.0804542995829833,4.1510663,2.0804542995829833,4.147615428143827
2.0831737569069206,4.1523662,2.0831737569069206,4.148910247483842
2.0858932142308584,4.1536655,2.0858932142308584,4.150205066823858
2.0886126715547957,4.1549649,2.0886126715547957,4.151499886163873
2.091332128878733,4.156442683951407,2.091332128878733,4.152817361732283
2.0940515862026707,4.1578889,2.0940515862026707,4.154145624234903
2.096771043526608,4.1593509,2.096771043526608,4.155473886737521
2.099490500850546,4.1606507,2.099490500850546,4.156802149240141
2.102209958174483,4.1619501,2.102209958174483,4.158132888851258
2.104929415498421,4.163345809530807,2.104929415498421,4.159463638010752
2.107648872822358,4.1648741,2.107648872822358,4.160794387170247
2.110368330146296,4.16626820055561,2.110368330146296,4.162122354541354
2.113087787470233,4.167653322628924,2.113087787470233,4.16344426885673
2.1158072447941705,4.1690956516425555,2.1158072447941705,4.164766183172106
2.1185267021181082,4.1705594,2.1185267021181082,4.166088097487482
2.1212461594420455,4.171727227043874,2.1212461594420455,4.167406830753469
2.1239656167659833,4.17336750934283,2.1239656167659833,4.168723724243585
2.1266850740899206,4.1746206,2.1266850740899206,4.1700406177337
2.1294045314138583,4.17616590938064,2.1294045314138583,4.171357511223816
2.1321239887377956,4.1775446,2.1321239887377956,4.172697477776191
2.1348434460617334,4.178955386355977,2.1348434460617334,4.1740386006401815
2.1375629033856707,4.1804686,2.1375629033856707,4.1753797235041725
2.1402823607096084,4.1819305,2.1402823607096084,4.17671668403512
2.1430018180335457,4.1832326130130575,2.1430018180335457,4.178042446710033
2.145721275357483,4.1850166,2.145721275357483,4.179368209384945
2.1484407326814208,4.186331265617589,2.1484407326814208,4.180693972059858
2.151160190005358,4.187894924041486,2.151160190005358,4.182037596472192
2.153879647329296,4.1892405,2.153879647329296,4.183393649330999
2.156599104653233,4.19078661878684,2.156599104653233,4.184749702189806
2.159318561977171,4.1923265,2.159318561977171,4.186105755048613
2.162038019301108,4.1939511,2.162038019301108,4.187479130701275
2.164757476625046,4.195449027860373,2.164757476625046,4.188854253278277
2.167476933948983,4.1968751,2.167476933948983,4.190229375855278
2.1701963912729205,4.1984992,2.1701963912729205,4.191606995558868
2.1729158485968583,4.2001238,2.1729158485968583,4.192993113937295
